82
1343
-0.0159130679425644 -0.0454171849852533 -0.0416576503710244 7 45 82 64 72 
0.159006540888783 -0.154568515735989 0.392485917716178 65 35 
0.383223027542554 -0.175605422589435 0.0400587627343886 55 46 
0.402577271327992 0.0679516017784117 0.116092359777162 69 44 
-0.353127156312726 -0.383175290647321 0.23325204933316 23 16 
0.0817651091394259 -0.222682020664847 0.165038366203368 10 52 
-0.0447727875495691 -0.00798066382863917 -0.0997718643044376 49 1 
0.151600086388708 -0.209653695398024 0.33094602919038 37 35 
0.12107530027658 -0.234039842535746 0.263404509107038 10 37 
0.0980834132213966 -0.233332980601799 0.21041644901619 9 6 
0.197056576761387 0.153345154122479 0.302245262054916 28 27 
-0.209884293892339 -0.310676127335242 -0.0716329754411038 29 71 
0.445814897353842 -0.0884109803759729 0.0702734689971131 53 81 
-0.0626287766705756 0.286208656555935 -0.380895846732327 33 
-0.0727283397093009 0.0368678580232225 -0.157871836645381 59 74 82 
-0.324528024479085 -0.387000716753855 0.233841818343709 5 43 
-0.0612253488819561 0.222162573130895 0.458066026812996 67 
0.105284815183152 -0.0511195154041351 0.482027082620342 48 51 
0.134844179764476 0.169548090082893 0.303450514794546 28 
-0.132881113241053 -0.198299012934096 0.104893562389402 42 66 
0.0540351545321173 0.000300063164787613 0.483118609404652 48 70 
-0.207312475811857 -0.327090301215101 0.205331889747621 47 56 
-0.395368481447717 -0.376005526839096 0.210096999044334 5 58 
0.440804845828731 0.0128827473778922 0.0966315889339567 44 53 
0.047796173413955 -0.150554792341743 0.0889384265460213 52 64 
-0.326335403935835 -0.326002188621323 -0.121811015384576 68 38 
0.241835713667556 0.141981846571573 0.300874007967631 11 73 
0.150516898440621 0.165570944257023 0.303209385848879 11 19 
-0.232981107862982 -0.315151176974073 -0.093059247800656 12 36 
0.273425465376904 0.120580262692624 0.244511946728289 73 39 
-0.176547140347096 -0.264463960847879 0.175381770669504 47 66 
-0.0382374106169498 0.112796448089476 0.413659274729156 78 63 
-0.0593341820345725 0.209443378484602 -0.308438867190853 74 14 
-0.444970300518842 -0.35373544598037 0.0595485276989572 58 79 
0.158888440278186 -0.182981369422244 0.362767757741494 8 2 
-0.259855722135918 -0.318836217348012 -0.110992938666088 38 29 
0.13931323421048 -0.226727960914052 0.298210423731531 9 8 
-0.286449467086642 -0.322139012767299 -0.120877766566919 36 26 
0.299983113257785 0.106669626419179 0.189444359189122 77 30 
0.314638109341975 -0.208770077581767 0.0063164170983263 61 55 
0.00839110853527058 0.0341241889782107 -0.150525820057481 82 57 
-0.102849015161386 -0.158369143420539 0.0653602928324735 20 62 
-0.295224253223543 -0.385920616414577 0.227796347192248 56 16 
0.427301319758857 0.0471945355925977 0.105846145959926 24 4 
-0.081770223272381 -0.0792433075988768 0.0355566010006608 1 62 
0.414097092379928 -0.154690157810727 0.0510153360581397 81 3 
-0.187823378937673 -0.293242674618655 0.193540577946136 31 22 
0.0838672684359763 -0.0261061680515666 0.485676417364243 18 21 
-0.0455471056926894 -0.00322365865187882 -0.103500544911429 7 
0.207570804167662 -0.183129936796253 -0.0278720918820301 72 61 
0.122320879088242 -0.0778200452044712 0.463466385700051 65 18 
0.068439725795561 -0.201300622549696 0.134736350803728 6 25 
0.448151213301653 -0.036755289610166 0.0836718212261372 24 13 
-0.09610906000177 0.0305315563516161 -0.149196946521291 59 
0.34750472980572 -0.192669616747016 0.0275499977870691 3 40 
-0.248737597744394 -0.367758521180281 0.214813461386402 43 22 
-0.00831747206956788 0.0318221684395171 -0.152647825390873 41 
-0.434877220411753 -0.366812454890005 0.154214554240277 23 34 
-0.114554689319098 0.0301139137780718 -0.146156433265058 15 54 
-0.0511919176640063 0.192193198407641 0.405218081925448 75 63 
0.270722276006562 -0.210288314458582 -0.0119256171269089 40 50 
-0.0894123004872875 -0.11783433891562 0.0475395288056015 45 42 
-0.0456230555595333 0.158860592946893 0.401219472427311 32 60 
0.0289068106815841 -0.0966149360097479 0.0347687717727629 1 25 
0.142892888679725 -0.116721900756086 0.428300400289 2 51 
-0.161969527896326 -0.234874661467081 0.146985204066172 20 31 
-0.058876264003505 0.223646669339451 0.443994531774575 17 76 
-0.3686049422824 -0.330556687411047 -0.103025382950256 79 26 
0.366829884805618 0.0833658761320044 0.131870297507001 77 4 
0.0248097815438637 0.0279993481197357 0.475421674820353 78 21 
-0.199759024284976 -0.308886192451194 -0.0617166632908613 12 
0.129793925689782 -0.135259070281444 -0.0554160101096028 1 50 
0.256877601997674 0.136380547948707 0.291600231308184 30 27 
-0.0408715766426434 0.097817343292729 -0.205496861364643 33 15 
-0.0540364108357499 0.212231532764285 0.413666702757865 60 76 
-0.0569737525455651 0.221168500256749 0.427867801151266 67 75 
0.32901131306114 0.0949121888727924 0.155244621615484 39 69 
-0.0154257548127549 0.0600848984379237 0.451304674613166 80 32 70 
-0.417173082132032 -0.340348744864003 -0.0409434531699702 34 68 
-0.0350026868524656 0.0614492531164707 0.442393492988201 78 
0.435741299320282 -0.126764852350698 0.0597360249625047 13 46 
-0.0481651758185036 0.0108788986341479 -0.125156468447709 15 1 41 
82
1
82
1
74
33
33
74
33
14
14
33
74
33
74
33
14
14
14
33
14
14
74
74
74
14
14
74
33
15
15
15
15
15
15
41
1
1
1
1
1
28
28
11
73
73
73
30
30
30
77
77
77
4
4
4
4
24
24
24
24
24
24
24
13
13
13
13
13
13
45
45
45
42
42
45
1
45
42
42
45
45
45
42
42
1
1
64
1
64
64
72
72
1
1
1
64
64
1
1
1
64
64
1
1
1
72
72
1
72
72
1
1
1
72
72
45
45
42
42
61
61
61
61
61
61
61
61
52
52
52
52
52
52
52
52
66
66
66
66
66
66
66
66
10
10
10
10
10
10
10
10
9
9
9
9
9
9
9
8
8
8
8
8
8
8
8
2
2
2
2
2
2
2
2
65
65
65
65
65
65
65
65
18
18
18
18
18
18
18
18
21
48
21
21
21
21
70
70
70
70
70
70
70
70
78
78
78
78
78
78
78
78
78
78
78
78
78
32
32
32
32
32
32
32
63
63
63
63
63
63
63
75
75
75
75
75
75
67
67
67
67
67
17
47
47
47
47
47
47
47
47
56
56
56
56
56
56
56
56
43
43
43
43
43
43
43
43
5
5
5
5
5
5
5
5
23
23
23
23
23
23
23
23
58
58
58
58
58
58
58
58
34
34
34
34
34
34
34
34
79
79
79
79
79
79
79
68
68
68
68
68
68
68
68
26
26
26
26
26
26
26
26
36
36
36
36
36
36
12
12
12
71
55
55
55
55
55
55
55
46
46
46
46
46
46
46
46
13
13
1
1
1
1
1
1
1
1
7
7
7
7
7
7
49
49
82
82
15
15
82
82
15
82
82
82
82
15
15
15
15
59
59
59
41
41
74
33
33
14
14
14
14
33
14
14
33
74
33
33
74
33
14
14
14
33
14
14
74
33
74
33
74
33
14
14
14
14
14
14
14
14
74
33
74
14
33
33
14
14
74
74
15
74
15
15
15
74
15
74
15
74
15
82
82
82
82
15
15
15
82
82
1
82
1
82
1
1
1
1
82
1
1
1
1
1
1
1
1
1
45
45
45
45
1
1
1
1
1
28
42
42
28
42
42
25
64
28
25
64
28
72
72
72
72
11
11
27
27
11
11
27
45
45
27
45
73
42
62
62
45
1
73
45
73
42
30
62
62
45
45
45
42
62
62
73
30
30
30
30
39
30
39
39
30
39
39
39
77
69
1
77
1
69
77
64
69
64
64
1
1
77
1
69
64
77
69
77
72
69
72
72
69
4
4
44
1
1
4
1
44
4
64
64
1
1
4
1
64
64
64
1
1
4
1
44
4
72
44
72
24
24
53
24
53
53
24
53
24
53
13
13
81
13
81
1
13
1
81
13
72
81
72
1
1
81
1
46
46
72
3
72
72
46
3
3
46
3
46
3
46
3
3
55
55
40
1
1
55
45
40
55
42
40
62
62
55
40
55
40
50
50
61
50
61
50
61
50
61
50
50
61
50
61
61
25
25
52
25
52
25
52
25
52
25
52
25
25
52
52
20
20
66
20
66
20
66
20
66
20
66
20
66
20
66
66
6
6
10
6
10
6
10
6
10
6
10
6
10
10
9
10
9
10
9
10
9
10
9
10
9
10
9
9
37
37
8
37
8
37
8
37
8
37
37
8
35
35
2
35
2
35
2
35
2
35
35
2
65
65
65
65
65
65
65
65
51
51
18
51
18
51
18
51
51
51
51
48
21
48
21
48
21
48
21
48
48
48
21
21
21
70
21
70
21
70
21
21
78
78
78
78
78
78
78
78
80
78
32
78
78
78
78
80
78
80
80
80
32
32
32
32
32
32
32
32
32
32
32
63
63
63
63
63
63
63
63
63
60
75
60
60
60
76
67
76
76
76
76
17
17
17
17
17
17
31
31
47
31
47
31
47
31
47
31
47
31
47
31
47
47
22
22
56
22
56
22
56
22
56
22
56
22
22
56
56
56
56
43
56
43
56
43
56
43
56
43
56
56
43
43
16
16
5
16
5
16
5
5
16
16
16
5
23
23
23
23
23
23
23
23
23
23
23
23
58
58
58
58
58
58
58
58
58
58
58
58
34
34
34
34
34
34
34
34
34
34
79
79
79
79
79
79
79
79
79
68
79
68
79
68
79
79
79
26
26
26
26
26
26
38
38
38
36
38
38
38
38
29
29
29
29
40
40
55
40
55
82
1
82
1
1
1
1
1
1
1
1
1
1
1
1
7
1
7
1
7
49
7
7
7
49
49
15
82
82
15
82
82
82
74
15
15
15
15
82
82
82
82
82
82
15
15
82
82
82
82
15
15
82
15
59
54
54
54
54
41
57
57
41
57
57
33
14
14
1
33
14
33
74
33
14
14
14
14
14
14
33
33
33
74
33
14
74
74
74
74
74
74
15
15
82
15
15
82
82
82
82
82
1
19
1
1
1
1
1
1
62
62
62
62
64
64
64
64
72
72
72
72
62
11
62
27
62
27
27
30
30
39
39
39
69
69
64
44
44
64
44
44
44
72
44
53
53
53
53
53
53
64
53
81
81
81
64
81
81
81
81
72
81
3
3
3
3
3
3
3
3
40
40
40
40
40
40
40
40
72
62
45
45
1
1
1
1
1
50
50
50
50
50
50
50
50
25
25
25
25
25
25
20
20
20
20
20
20
20
20
6
6
6
6
6
6
6
6
10
10
10
10
10
10
10
37
37
37
37
37
37
37
37
35
35
35
35
35
35
35
35
65
65
65
65
65
65
65
51
51
51
51
48
48
48
48
21
21
21
21
21
78
78
78
78
78
78
32
32
63
63
63
60
60
60
76
76
31
31
31
31
31
31
31
31
22
22
22
22
22
22
22
22
56
56
56
56
56
56
16
16
16
16
16
16
16
23
23
23
23
23
58
58
58
58
34
34
34
34
34
34
79
79
79
79
79
79
79
79
79
79
79
26
26
26
26
38
38
29
29
1
82
1
1
1
1
1
1
82
82
15
15
82
82
82
82
15
15
57
54
59
59
59
59
41
41
